Hafta	Gün	Vaka	Ölüm	Ülke	Pop
16	7	32922	1856	Amerika	327167434
16	6	30833	3770	Amerika	327167434
16	5	31667	2299	Amerika	327167434
16	4	30148	4928	Amerika	327167434
16	3	26922	2408	Amerika	327167434
16	2	25023	1541	Amerika	327167434
16	1	27620	1500	Amerika	327167434
15	7	28391	1831	Amerika	327167434
15	6	35527	2087	Amerika	327167434
15	5	33901	1873	Amerika	327167434
15	4	33323	1922	Amerika	327167434
15	3	30613	1906	Amerika	327167434
15	2	30561	1342	Amerika	327167434
15	1	25398	1146	Amerika	327167434
14	7	34272	1344	Amerika	327167434
14	6	32425	1104	Amerika	327167434
14	5	28819	915	Amerika	327167434
14	4	27103	1059	Amerika	327167434
14	3	24998	909	Amerika	327167434
14	2	21595	661	Amerika	327167434
14	1	18360	318	Amerika	327167434
13	7	19979	484	Amerika	327167434
13	6	18695	411	Amerika	327167434
13	5	16797	246	Amerika	327167434
13	4	13963	249	Amerika	327167434
13	3	8789	211	Amerika	327167434
13	2	11236	119	Amerika	327167434
13	1	8459	131	Amerika	327167434
12	7	7123	80	Amerika	327167434
12	6	5374	110	Amerika	327167434
12	5	4835	0	Amerika	327167434
12	4	2988	42	Amerika	327167434
12	3	1766	23	Amerika	327167434
12	2	887	16	Amerika	327167434
12	1	823	12	Amerika	327167434
11	7	777	10	Amerika	327167434
11	6	511	7	Amerika	327167434
11	5	351	10	Amerika	327167434
11	4	287	2	Amerika	327167434
11	3	271	2	Amerika	327167434
11	2	200	5	Amerika	327167434
11	1	121	4	Amerika	327167434
10	7	95	3	Amerika	327167434
10	6	105	2	Amerika	327167434
10	5	74	1	Amerika	327167434
10	4	34	2	Amerika	327167434
10	3	22	3	Amerika	327167434
10	2	14	4	Amerika	327167434
10	1	20	1	Amerika	327167434
9	7	3	1	Amerika	327167434
9	6	6	0	Amerika	327167434
9	5	1	0	Amerika	327167434
9	4	6	0	Amerika	327167434
9	3	0	0	Amerika	327167434
9	2	18	0	Amerika	327167434
9	1	0	0	Amerika	327167434
8	7	0	0	Amerika	327167434
8	6	19	0	Amerika	327167434
8	5	1	0	Amerika	327167434
8	4	0	0	Amerika	327167434
8	3	0	0	Amerika	327167434
8	2	0	0	Amerika	327167434
8	1	0	0	Amerika	327167434
7	7	0	0	Amerika	327167434
7	6	0	0	Amerika	327167434
16	7	3658	565	İspanya	46723749
16	6	5252	348	İspanya	46723749
16	5	5183	551	İspanya	46723749
16	4	5092	523	İspanya	46723749
16	3	3045	567	İspanya	46723749
16	2	3477	517	İspanya	46723749
16	1	4167	619	İspanya	46723749
15	7	4830	510	İspanya	46723749
15	6	4576	605	İspanya	46723749
15	5	5756	683	İspanya	46723749
15	4	6180	757	İspanya	46723749
15	3	5478	743	İspanya	46723749
15	2	4273	637	İspanya	46723749
15	1	6023	674	İspanya	46723749
14	7	7026	809	İspanya	46723749
14	6	7472	932	İspanya	46723749
14	5	8102	950	İspanya	46723749
14	4	7719	864	İspanya	46723749
14	3	9222	849	İspanya	46723749
14	2	6398	812	İspanya	46723749
14	1	6549	838	İspanya	46723749
13	7	8189	832	İspanya	46723749
13	6	7871	769	İspanya	46723749
13	5	8578	655	İspanya	46723749
13	4	7937	738	İspanya	46723749
13	3	6584	514	İspanya	46723749
13	2	4517	462	İspanya	46723749
13	1	3646	394	İspanya	46723749
12	7	4946	324	İspanya	46723749
12	6	2833	235	İspanya	46723749
12	5	3431	169	İspanya	46723749
12	4	2538	107	İspanya	46723749
12	3	1987	182	İspanya	46723749
12	2	1438	21	İspanya	46723749
12	1	2000	152	İspanya	46723749
11	7	1522	15	İspanya	46723749
11	6	1227	37	İspanya	46723749
11	5	864	37	İspanya	46723749
11	4	501	12	İspanya	46723749
11	3	435	7	İspanya	46723749
11	2	615	23	İspanya	46723749
11	1	159	0	İspanya	46723749
10	7	56	0	İspanya	46723749
10	6	113	2	İspanya	46723749
10	5	61	2	İspanya	46723749
10	4	49	1	İspanya	46723749
10	3	37	0	İspanya	46723749
10	2	31	0	İspanya	46723749
10	1	17	0	İspanya	46723749
9	7	32	0	İspanya	46723749
9	6	9	0	İspanya	46723749
9	5	13	0	İspanya	46723749
9	4	5	0	İspanya	46723749
9	3	4	0	İspanya	46723749
9	2	1	0	İspanya	46723749
9	1	0	0	İspanya	46723749
8	7	0	0	İspanya	46723749
8	6	0	0	İspanya	46723749
8	5	0	0	İspanya	46723749
8	4	0	0	İspanya	46723749
8	3	0	0	İspanya	46723749
8	2	0	0	İspanya	46723749
8	1	0	0	İspanya	46723749
7	7	0	0	İspanya	46723749
7	6	0	0	İspanya	46723749
16	7	3491	480	İtalya	60431283
16	6	3493	575	İtalya	60431283
16	5	3786	525	İtalya	60431283
16	4	2667	578	İtalya	60431283
16	3	2972	604	İtalya	60431283
16	2	3153	564	İtalya	60431283
16	1	4092	431	İtalya	60431283
15	7	4694	619	İtalya	60431283
15	6	3951	570	İtalya	60431283
15	5	4204	612	İtalya	60431283
15	4	3836	540	İtalya	60431283
15	3	3039	604	İtalya	60431283
15	2	3599	636	İtalya	60431283
15	1	4316	527	İtalya	60431283
14	7	4805	681	İtalya	60431283
14	6	4585	764	İtalya	60431283
14	5	4668	760	İtalya	60431283
14	4	4782	727	İtalya	60431283
14	3	4053	839	İtalya	60431283
14	2	4050	810	İtalya	60431283
14	1	5217	758	İtalya	60431283
13	7	5974	887	İtalya	60431283
13	6	5959	971	İtalya	60431283
13	5	6153	660	İtalya	60431283
13	4	5210	685	İtalya	60431283
13	3	5249	743	İtalya	60431283
13	2	4789	601	İtalya	60431283
13	1	5560	649	İtalya	60431283
12	7	6557	795	İtalya	60431283
12	6	5986	625	İtalya	60431283
12	5	5322	429	İtalya	60431283
12	4	4207	473	İtalya	60431283
12	3	3526	347	İtalya	60431283
12	2	4000	347	İtalya	60431283
12	1	2823	370	İtalya	60431283
11	7	3497	173	İtalya	60431283
11	6	2547	252	İtalya	60431283
11	5	2651	189	İtalya	60431283
11	4	2313	196	İtalya	60431283
11	3	977	167	İtalya	60431283
11	2	1797	98	İtalya	60431283
11	1	1492	133	İtalya	60431283
10	7	1247	36	İtalya	60431283
10	6	778	49	İtalya	60431283
10	5	769	41	İtalya	60431283
10	4	587	27	İtalya	60431283
10	3	466	28	İtalya	60431283
10	2	347	17	İtalya	60431283
10	1	561	6	İtalya	60431283
9	7	240	8	İtalya	60431283
9	6	238	4	İtalya	60431283
9	5	250	5	İtalya	60431283
9	4	78	1	İtalya	60431283
9	3	93	5	İtalya	60431283
9	2	97	4	İtalya	60431283
9	1	53	0	İtalya	60431283
8	7	62	2	İtalya	60431283
8	6	14	0	İtalya	60431283
8	5	0	0	İtalya	60431283
8	4	0	0	İtalya	60431283
8	3	0	0	İtalya	60431283
8	2	0	0	İtalya	60431283
8	1	0	0	İtalya	60431283
7	7	0	0	İtalya	60431283
7	6	0	0	İtalya	60431283
16	7	2458	184	Almanya	82927922
16	6	3609	242	Almanya	82927922
16	5	3380	299	Almanya	82927922
16	4	2866	315	Almanya	82927922
16	3	2486	285	Almanya	82927922
16	2	2082	170	Almanya	82927922
16	1	2537	126	Almanya	82927922
15	7	2821	129	Almanya	82927922
15	6	4133	171	Almanya	82927922
15	5	5323	266	Almanya	82927922
15	4	4974	246	Almanya	82927922
15	3	4003	254	Almanya	82927922
15	2	3834	173	Almanya	82927922
15	1	3677	92	Almanya	82927922
14	7	5936	184	Almanya	82927922
14	6	6082	141	Almanya	82927922
14	5	6174	145	Almanya	82927922
14	4	6156	140	Almanya	82927922
14	3	5453	149	Almanya	82927922
14	2	4615	128	Almanya	82927922
14	1	4751	66	Almanya	82927922
13	7	3965	64	Almanya	82927922
13	6	6294	72	Almanya	82927922
13	5	5780	55	Almanya	82927922
13	4	4954	49	Almanya	82927922
13	3	2342	23	Almanya	82927922
13	2	4438	32	Almanya	82927922
13	1	3311	27	Almanya	82927922
12	7	3276	22	Almanya	82927922
12	6	4049	2	Almanya	82927922
12	5	5940	30	Almanya	82927922
12	4	1042	0	Almanya	82927922
12	3	1144	0	Almanya	82927922
12	2	1174	1	Almanya	82927922
12	1	1043	4	Almanya	82927922
11	7	733	3	Almanya	82927922
11	6	693	0	Almanya	82927922
11	5	802	2	Almanya	82927922
11	4	271	1	Almanya	82927922
11	3	157	0	Almanya	82927922
11	2	237	2	Almanya	82927922
11	1	55	0	Almanya	82927922
10	7	163	0	Almanya	82927922
10	6	284	0	Almanya	82927922
10	5	138	0	Almanya	82927922
10	4	66	0	Almanya	82927922
10	3	39	0	Almanya	82927922
10	2	28	0	Almanya	82927922
10	1	18	0	Almanya	82927922
9	7	54	0	Almanya	82927922
9	6	10	0	Almanya	82927922
9	5	26	0	Almanya	82927922
9	4	4	0	Almanya	82927922
9	3	2	0	Almanya	82927922
9	2	0	0	Almanya	82927922
9	1	0	0	Almanya	82927922
8	7	0	0	Almanya	82927922
8	6	0	0	Almanya	82927922
8	5	0	0	Almanya	82927922
8	4	0	0	Almanya	82927922
8	3	0	0	Almanya	82927922
8	2	0	0	Almanya	82927922
8	1	0	0	Almanya	82927922
7	7	0	0	Almanya	82927922
7	6	15	0	Almanya	82927922
16	7	5525	888	İngiltere	66488991
16	6	5599	847	İngiltere	66488991
16	5	4617	861	İngiltere	66488991
16	4	4603	761	İngiltere	66488991
16	3	5252	778	İngiltere	66488991
16	2	4342	717	İngiltere	66488991
16	1	5288	737	İngiltere	66488991
15	7	8719	917	İngiltere	66488991
15	6	5195	980	İngiltere	66488991
15	5	4344	881	İngiltere	66488991
15	4	5491	938	İngiltere	66488991
15	3	3634	786	İngiltere	66488991
15	2	3802	439	İngiltere	66488991
15	1	5903	621	İngiltere	66488991
14	7	3735	708	İngiltere	66488991
14	6	4450	684	İngiltere	66488991
14	5	4244	389	İngiltere	66488991
14	4	4324	743	İngiltere	66488991
14	3	3009	381	İngiltere	66488991
14	2	2619	180	İngiltere	66488991
14	1	2433	209	İngiltere	66488991
13	7	2546	260	İngiltere	66488991
13	6	2885	181	İngiltere	66488991
13	5	2129	115	İngiltere	66488991
13	4	1452	41	İngiltere	66488991
13	3	1427	87	İngiltere	66488991
13	2	967	54	İngiltere	66488991
13	1	665	48	İngiltere	66488991
12	7	1035	56	İngiltere	66488991
12	6	706	33	İngiltere	66488991
12	5	647	41	İngiltere	66488991
12	4	680	43	İngiltere	66488991
12	3	407	5	İngiltere	66488991
12	2	152	20	İngiltere	66488991
12	1	251	14	İngiltere	66488991
11	7	433	11	İngiltere	66488991
11	6	117	0	İngiltere	66488991
11	5	134	4	İngiltere	66488991
11	4	83	0	İngiltere	66488991
11	3	52	1	İngiltere	66488991
11	2	48	2	İngiltere	66488991
11	1	67	1	İngiltere	66488991
10	7	43	1	İngiltere	66488991
10	6	48	0	İngiltere	66488991
10	5	30	1	İngiltere	66488991
10	4	34	0	İngiltere	66488991
10	3	11	0	İngiltere	66488991
10	2	4	0	İngiltere	66488991
10	1	13	0	İngiltere	66488991
9	7	5	0	İngiltere	66488991
9	6	2	0	İngiltere	66488991
9	5	3	0	İngiltere	66488991
9	4	0	0	İngiltere	66488991
9	3	0	0	İngiltere	66488991
9	2	0	0	İngiltere	66488991
9	1	4	0	İngiltere	66488991
8	7	0	0	İngiltere	66488991
8	6	0	0	İngiltere	66488991
8	5	0	0	İngiltere	66488991
8	4	0	0	İngiltere	66488991
8	3	0	0	İngiltere	66488991
8	2	0	0	İngiltere	66488991
8	1	0	0	İngiltere	66488991
7	7	0	0	İngiltere	66488991
7	6	0	0	İngiltere	66488991
16	7	2569	642	Fransa	66987244
16	6	405	761	Fransa	66987244
16	5	2641	753	Fransa	66987244
16	4	2633	1438	Fransa	66987244
16	3	5497	762	Fransa	66987244
16	2	2673	574	Fransa	66987244
16	1	1613	561	Fransa	66987244
15	7	3114	635	Fransa	66987244
15	6	4342	987	Fransa	66987244
15	5	4286	1341	Fransa	66987244
15	4	3881	541	Fransa	66987244
15	3	3777	1417	Fransa	66987244
15	2	3912	833	Fransa	66987244
15	1	1873	518	Fransa	66987244
14	7	4267	1053	Fransa	66987244
14	6	5233	2004	Fransa	66987244
14	5	2116	471	Fransa	66987244
14	4	4861	509	Fransa	66987244
14	3	7578	499	Fransa	66987244
14	2	4376	418	Fransa	66987244
14	1	2599	292	Fransa	66987244
13	7	4611	319	Fransa	66987244
13	6	3809	299	Fransa	66987244
13	5	3922	365	Fransa	66987244
13	4	2931	231	Fransa	66987244
13	3	2446	240	Fransa	66987244
13	2	3838	186	Fransa	66987244
13	1	1559	112	Fransa	66987244
12	7	1847	112	Fransa	66987244
12	6	1617	78	Fransa	66987244
12	5	1861	128	Fransa	66987244
12	4	1404	69	Fransa	66987244
12	3	1097	27	Fransa	66987244
12	2	1210	21	Fransa	66987244
12	1	924	36	Fransa	66987244
11	7	838	12	Fransa	66987244
11	6	785	18	Fransa	66987244
11	5	595	13	Fransa	66987244
11	4	497	15	Fransa	66987244
11	3	372	3	Fransa	66987244
11	2	286	11	Fransa	66987244
11	1	410	9	Fransa	66987244
10	7	103	1	Fransa	66987244
10	6	190	2	Fransa	66987244
10	5	138	3	Fransa	66987244
10	4	73	0	Fransa	66987244
10	3	34	1	Fransa	66987244
10	2	48	1	Fransa	66987244
10	1	30	0	Fransa	66987244
9	7	43	0	Fransa	66987244
9	6	19	0	Fransa	66987244
9	5	21	0	Fransa	66987244
9	4	3	1	Fransa	66987244
9	3	2	0	Fransa	66987244
9	2	0	0	Fransa	66987244
9	1	0	0	Fransa	66987244
8	7	0	0	Fransa	66987244
8	6	0	0	Fransa	66987244
8	5	0	0	Fransa	66987244
8	4	0	0	Fransa	66987244
8	3	0	0	Fransa	66987244
8	2	0	0	Fransa	66987244
8	1	1	0	Fransa	66987244
7	7	0	0	Fransa	66987244
7	6	0	1	Fransa	66987244
16	7	3783	121	Türkiye	82319724
16	6	4353	126	Türkiye	82319724
16	5	4801	125	Türkiye	82319724
16	4	4281	115	Türkiye	82319724
16	3	4062	107	Türkiye	82319724
16	2	4093	98	Türkiye	82319724
16	1	4789	97	Türkiye	82319724
15	7	5138	95	Türkiye	82319724
15	6	4747	98	Türkiye	82319724
15	5	4056	96	Türkiye	82319724
15	4	4117	87	Türkiye	82319724
15	3	3892	76	Türkiye	82319724
15	2	3148	75	Türkiye	82319724
15	1	3135	73	Türkiye	82319724
14	7	3013	76	Türkiye	82319724
14	6	2786	69	Türkiye	82319724
14	5	2456	79	Türkiye	82319724
14	4	2148	63	Türkiye	82319724
14	3	2704	46	Türkiye	82319724
14	2	1610	37	Türkiye	82319724
14	1	1815	23	Türkiye	82319724
13	7	1704	16	Türkiye	82319724
13	6	2069	17	Türkiye	82319724
13	5	1196	16	Türkiye	82319724
13	4	561	15	Türkiye	82319724
13	3	343	7	Türkiye	82319724
13	2	293	7	Türkiye	82319724
13	1	289	9	Türkiye	82319724
12	7	277	12	Türkiye	82319724
12	6	311	5	Türkiye	82319724
12	5	168	3	Türkiye	82319724
12	4	93	1	Türkiye	82319724
12	3	51	0	Türkiye	82319724
12	2	29	0	Türkiye	82319724
12	1	16	0	Türkiye	82319724
11	7	2	0	Türkiye	82319724
