"SCHOOLID" "ESCS" "MATINTFC" "PV1MATH"
1 -0.6 0.6584 364.7063
1 0.89 -0.2514 416.0383
1 -1.99 0.6584 410.0405
1 -0.44 1.4565 482.4817
1 -0.35 1.4565 289.8504
1 0.63 0.1775 383.4008
1 -1.05 -0.7332 401.3164
1 -0.09 -0.2514 371.8726
1 0.62 -1.5329 398.2785
1 -0.2 0.6584 322.7995
1 0.84 1.4565 441.899
1 -1.19 -1.5329 430.8381
1 -0.57 1.4565 427.0213
1 0.17 1.4565 401.4722
1 -0.59 0.1775 462.0735
1 0.42 -0.7332 382.6998
1 -0.35 1.4565 373.2747
1 0.41 -1.5329 365.9526
1 0.5 -1.5329 448.1305
1 0.15 0.6584 384.2577
1 0.19 -0.2514 435.1223
1 0.08 -0.2514 422.0361
1 -0.02 1.4565 395.7859
1 -0.34 -0.3495 329.9657
1 -2.94 -0.2514 479.2102
1 -0.34 -0.7332 529.8411
1 0.45 -1.5329 348.0371
1 -0.57 1.4565 370.2368
2 -0.57 1.4025 574.3184
2 -0.81 0.6584 460.5157
2 -0.06 1.4565 361.9022
2 -1.2 0.1775 600.7244
2 -1.73 -0.2514 503.8246
2 -1.31 1.4565 496.8141
2 -0.45 -0.2514 524.3885
2 -1.07 0.6584 423.9835
2 -0.23 0.6584 301.6903
2 -0.69 0.1775 435.6675
2 -1.34 0.6584 393.527
2 0.1 -0.5939 403.108
2 -0.33 -1.3074 453.5052
2 -0.72 0.1775 306.3639
2 0.83 0.6584 438.238
2 -1.26 -0.7332 349.6728
2 -0.69 1.4565 427.5666
2 0.02 1.4565 384.1019
2 -1.09 0.6584 475.3934
2 0.32 -1.3074 374.9104
2 -1.51 -0.2514 468.6166
2 -1.36 1.4565 439.6401
2 -0.57 -0.7332 462.2293
2 -2.03 1.4565 421.4909
2 -2.41 1.4565 461.3725
2 -1.24 0.6584 490.1932
2 -1.4 -0.2514 388.0745
2 -0.53 0.6584 420.2446
2 -0.87 1.4565 356.0601
2 -0.7 -0.2514 606.177
3 0.23 -0.7332 336.7425
3 -0.13 1.4565 496.0352
3 -0.55 -0.2514 448.1305
3 1.71 -0.7332 730.9628
3 -0.03 1.4565 437.0696
3 0.56 -0.2514 397.4996
3 -2.1 -1.5329 422.114
3 -0.34 1.4565 490.6605
3 0.84 -0.7332 385.8155
3 0.91 1.4565 625.1831
3 -1.13 -0.7332 481.6249
3 1.37 0.1775 595.5834
3 -0.32 0.6584 486.3764
3 -0.78 -1.5329 476.0944
3 -0.04 1.4565 403.7311
3 -0.14 0.1775 451.9473
3 1.82 -0.2514 482.4817
3 0.65 -1.5329 494.9447
3 0.5 -0.2514 443.8464
3 -0.58 -0.2514 431.9286
3 0.46 -1.5329 535.2158
3 1.58 0.4155 563.3354
3 -0.71 0.1775 447.4295
3 -0.09 0.6584 357.618
3 -0.53 -1.5329 467.604
3 0.16 -0.4946 479.6775
3 -0.01 -0.7332 537.6305
3 0.02 -0.2514 566.7627
3 0.97 0.1775 543.083
3 0.12 1.4565 458.1788
3 1.08 -0.7332 587.4825
3 0.87 0.1775 556.4029
3 0.65 0.1775 453.9726
3 -0.96 -0.2514 475.3934
3 -0.34 1.4565 577.3563
4 0.72 -0.2514 478.5091
4 0.47 1.4565 552.5861
4 1.05 -0.7332 421.5688
4 0.33 0.1775 353.256
4 0.61 -1.5329 451.3242
4 1.2 1.4565 400.4596
4 -0.62 1.4565 549.3924
4 1.16 0.1775 625.8062
4 1.45 -0.2514 433.5644
4 0.72 -0.7332 530.3864
4 1.28 1.4565 624.0925
4 0.69 0.6584 545.5756
4 -1.28 1.4565 335.1846
4 -0.37 1.4565 455.2189
4 0.26 0.1775 545.4198
4 -0.23 -0.2514 464.4103
4 1.06 -1.5329 543.1609
4 -0.09 -0.2514 458.1788
4 -0.77 0.1775 502.6562
4 0.09 1.4565 347.8813
4 0.75 -1.5329 455.0631
4 -0.36 0.1775 637.3345
4 2.34 0.6584 470.0187
4 -1.71 -1.5329 378.0262
4 -2.61 1.4565 345.7003
4 -0.03 1.4565 485.208
4 0.02 -0.2514 459.4251
4 0.74 -0.7332 519.4033
4 -0.78 -1.5329 354.658
4 -1.22 -1.3074 395.007
4 0.39 1.4565 530.62
5 0.67 0.1775 518.157
5 -1 -1.5329 519.0139
5 0.9 1.4565 440.2633
5 2.53 1.4565 600.0234
5 0.74 -0.2514 460.8272
5 1.6 -0.1091 578.9921
5 1.55 0.6584 582.4973
5 1.01 1.4565 456.6989
5 1.28 0.1775 468.4608
5 0.61 -0.2514 455.9978
5 0.63 -0.7332 434.8107
5 1 1.4565 607.4233
5 0.86 -0.2514 454.7515
5 1.71 1.4565 685.0055
5 1.17 1.4565 580.3941
5 2.23 -1.5329 484.7406
5 -1.76 0.6584 387.2176
5 2.13 -1.5329 563.3354
5 1.41 0.6584 529.6074
5 1.09 -0.7332 456.7768
5 1.13 0.6584 412.4552
5 2.34 0.1775 444.2359
5 1.29 1.4565 549.0809
5 0.37 1.4565 442.5222
5 0.98 -0.7332 548.5356
5 1.35 -1.3697 559.7523
5 -0.77 0.1775 437.2254
5 1.49 -0.2514 452.96
